  85
  15
  50
  51
  27
  30
  39
  26
   2
  88
  87
  29
  68
  53
  49
  72
  69
  67
  22
  75
  57
  44
  16
  19
  36
  48
  10
  78
  33
   7
  35
   4
  61
  46
  83
  38
  70
  54
  77
  74
  60
  28
   3
  11
  80
  64
  66
  40
  43
  52
  79
  56
  76
  47
  71
  90
  14
  32
   6
  12
  81
  23
  65
   9
  63
  45
  41
  73
  37
  59
  58
  89
  84
   5
  20
  62
  18
  13
  34
  17
   1
  82
  86
  24
  92
  31
   8
  42
  21
  91
  25
  55
  88
  87
  29
  68
  53
  49
  72
  69
  67
  22
  75
  57
  44
  16
  19
  36
  48
  10
  78
  33
   7
  35
   4
  61
  46
  83
  38
  70
  54
  77
  74
  60
  28
   3
  11
  80
  64
  66
  40
  43
  52
  79
  56
  76
  47
  71
  90
  14
  32
   6
  12
  81
  23
  65
   9
  63
  45
  41
  73
  37
  59
  58
  89
  84
   5
  20
  62
  18
  13
  34
  17
   1
  82
  86
  24
  92
  31
   8
  42
  21
  91
  25
  55
  85
  15
  50
  51
  27
  30
  39
  26
   2
  22
  75
  57
  44
  16
  19
  36
  48
  10
  78
  33
   7
  35
   4
  61
  46
  83
  38
  70
  54
  77
  74
  60
  28
   3
  11
  80
  64
  66
  40
  43
  52
  79
  56
  76
  47
  71
  90
  14
  32
   6
  12
  81
  23
  65
   9
  63
  45
  41
  73
  37
  59
  58
  89
  84
   5
  20
  62
  18
  13
  34
  17
   1
  82
  86
  24
  92
  31
   8
  42
  21
  91
  25
  55
  85
  15
  50
  51
  27
  30
  39
  26
   2
  88
  87
  29
  68
  53
  49
  72
  69
  67
  78
  33
   7
  35
   4
  61
  46
  83
  38
  70
  54
  77
  74
  60
  28
   3
  11
  80
  64
  66
  40
  43
  52
  79
  56
  76
  47
  71
  90
  14
  32
   6
  12
  81
  23
  65
   9
  63
  45
  41
  73
  37
  59
  58
  89
  84
   5
  20
  62
  18
  13
  34
  17
   1
  82
  86
  24
  92
  31
   8
  42
  21
  91
  25
  55
  85
  15
  50
  51
  27
  30
  39
  26
   2
  88
  87
  29
  68
  53
  49
  72
  69
  67
  22
  75
  57
  44
  16
  19
  36
  48
  10
  70
  54
  77
  74
  60
  28
   3
  11
  80
  64
  66
  40
  43
  52
  79
  56
  76
  47
  71
  90
  14
  32
   6
  12
  81
  23
  65
   9
  63
  45
  41
  73
  37
  59
  58
  89
  84
   5
  20
  62
  18
  13
  34
  17
   1
  82
  86
  24
  92
  31
   8
  42
  21
  91
  25
  55
  85
  15
  50
  51
  27
  30
  39
  26
   2
  88
  87
  29
  68
  53
  49
  72
  69
  67
  22
  75
  57
  44
  16
  19
  36
  48
  10
  78
  33
   7
  35
   4
  61
  46
  83
  38
  64
  66
  40
  43
  52
  79
  56
  76
  47
  71
  90
  14
  32
   6
  12
  81
  23
  65
   9
  63
  45
  41
  73
  37
  59
  58
  89
  84
   5
  20
  62
  18
  13
  34
  17
   1
  82
  86
  24
  92
  31
   8
  42
  21
  91
  25
  55
  85
  15
  50
  51
  27
  30
  39
  26
   2
  88
  87
  29
  68
  53
  49
  72
  69
  67
  22
  75
  57
  44
  16
  19
  36
  48
  10
  78
  33
   7
  35
   4
  61
  46
  83
  38
  70
  54
  77
  74
  60
  28
   3
  11
  80
  71
  90
  14
  32
   6
  12
  81
  23
  65
   9
  63
  45
  41
  73
  37
  59
  58
  89
  84
   5
  20
  62
  18
  13
  34
  17
   1
  82
  86
  24
  92
  31
   8
  42
  21
  91
  25
  55
  85
  15
  50
  51
  27
  30
  39
  26
   2
  88
  87
  29
  68
  53
  49
  72
  69
  67
  22
  75
  57
  44
  16
  19
  36
  48
  10
  78
  33
   7
  35
   4
  61
  46
  83
  38
  70
  54
  77
  74
  60
  28
   3
  11
  80
  64
  66
  40
  43
  52
  79
  56
  76
  47
   9
  63
  45
  41
  73
  37
  59
  58
  89
  84
   5
  20
  62
  18
  13
  34
  17
   1
  82
  86
  24
  92
  31
   8
  42
  21
  91
  25
  55
  85
  15
  50
  51
  27
  30
  39
  26
   2
  88
  87
  29
  68
  53
  49
  72
  69
  67
  22
  75
  57
  44
  16
  19
  36
  48
  10
  78
  33
   7
  35
   4
  61
  46
  83
  38
  70
  54
  77
  74
  60
  28
   3
  11
  80
  64
  66
  40
  43
  52
  79
  56
  76
  47
  71
  90
  14
  32
   6
  12
  81
  23
  65
  84
   5
  20
  62
  18
  13
  34
  17
   1
  82
  86
  24
  92
  31
   8
  42
  21
  91
  25
  55
  85
  15
  50
  51
  27
  30
  39
  26
   2
  88
  87
  29
  68
  53
  49
  72
  69
  67
  22
  75
  57
  44
  16
  19
  36
  48
  10
  78
  33
   7
  35
   4
  61
  46
  83
  38
  70
  54
  77
  74
  60
  28
   3
  11
  80
  64
  66
  40
  43
  52
  79
  56
  76
  47
  71
  90
  14
  32
   6
  12
  81
  23
  65
   9
  63
  45
  41
  73
  37
  59
  58
  89
  82
  86
